commit: "fffcde2897e990ccf80912abc2a663a9ff6e101a/69e427ec6d9fcc327896a1e0033107a787920b90"
date: "2019-05-01-14:04:03"
iters: [0, 20, 40, 60, 80, 100, 120, 140, 160, 180, 200, 220, 240, 260, 280, 300, 320, 340, 360, 380, 400, 420, 440, 460, 480, 500, 520, 540, 560, 580, 600, 620, 640, 660, 680, 700, 720, 740, 760, 780, 800, 820, 840, 860, 880, 900, 920, 940, 960, 980, 1000, 1020, 1040, 1060, 1080, 1100, 1120, 1140, 1160, 1180, 1200, 1220, 1240, 1260, 1280, 1300, 1320, 1340, 1360, 1380, 1400, 1420, 1440, 1460, 1480, 1500]
kld:  2.42964122214614342e+00
klds: [ 2.40592206094579275e+00,  2.42528391828642231e+00,  2.41799120040306059e+00,  2.41581365463560882e+00,  2.39519070726045502e+00,  2.39923725954516520e+00,  2.39059567030820475e+00,  2.40256282435645518e+00,  2.42402135432099852e+00,  2.41842116229242432e+00,  2.42311962947798287e+00,  2.41675272517193740e+00,  2.42000785196762536e+00,  2.42014802148028663e+00,  2.42823379445660903e+00,  2.42720724418865785e+00,  2.42415840381090408e+00,  2.40921968546028298e+00,  2.40767962483539710e+00,  2.39933682114981028e+00,  2.41636597856624169e+00,  2.40930564188168095e+00,  2.41245878253944124e+00,  2.40950834732134567e+00,  2.41606990939133315e+00,  2.42962847676873839e+00,  2.42338273321569586e+00,  2.42451738952080342e+00,  2.43518230253203694e+00,  2.44724961393828178e+00,  2.44014483425203155e+00,  2.44256092471828090e+00,  2.43160832366272928e+00,  2.43234700599816467e+00,  2.43938335247925409e+00,  2.42554067376790661e+00,  2.43255227995819068e+00,  2.42538437684042396e+00,  2.44626884302116832e+00,  2.45425186245920379e+00,  2.44525567794276411e+00,  2.44737165198569961e+00,  2.44501865427537357e+00,  2.45068019481543642e+00,  2.45915131549006860e+00,  2.44868733232233904e+00,  2.45667308693672215e+00,  2.46173174105379866e+00,  2.45328073939355162e+00,  2.44839740989341337e+00,  2.43733920506590795e+00,  2.43017777323080253e+00,  2.43529774845840974e+00,  2.43524848128592808e+00,  2.44036385377504983e+00,  2.43554646724244250e+00,  2.43621233983245533e+00,  2.42607564277158572e+00,  2.40874449249982137e+00,  2.40686632765732966e+00,  2.40715438705492968e+00,  2.40797302246063927e+00,  2.40633676736632740e+00,  2.39486626740978092e+00,  2.39013370641526457e+00,  2.40027669070581773e+00,  2.40598166867460739e+00,  2.41200365019900120e+00,  2.41864920597355981e+00,  2.42858299692868407e+00,  2.44035178434254973e+00,  2.43956400608016377e+00,  2.44111168468838224e+00,  2.44625659294048736e+00,  2.44744156602617080e+00,  2.46188460028453493e+00]
method: "NestedRejectionSampler"
name: "nested_banana_NestedRejectionSampler"
pfunk_commit: "fffcde2897e990ccf80912abc2a663a9ff6e101a"
pints: "Pints 0.1.1"
pints_commit: "69e427ec6d9fcc327896a1e0033107a787920b90"
python: "3.5.2 (default, Nov 12 2018, 13:43:14) [GCC 5.4.0 20160609]"
seed: 4055299463
status: "done"
