commit: "fffcde2897e990ccf80912abc2a663a9ff6e101a/69e427ec6d9fcc327896a1e0033107a787920b90"
date: "2019-05-01-14:15:41"
iters: [0, 20, 40, 60, 80, 100, 120, 140, 160, 180, 200, 220, 240, 260, 280, 300, 320, 340, 360, 380, 400, 420, 440, 460, 480, 500, 520, 540, 560, 580, 600, 620, 640, 660, 680, 700, 720, 740, 760, 780, 800, 820, 840, 860, 880, 900, 920, 940, 960, 980, 1000, 1020, 1040, 1060, 1080, 1100, 1120, 1140, 1160, 1180, 1200, 1220, 1240, 1260, 1280, 1300, 1320, 1340, 1360, 1380, 1400, 1420, 1440, 1460, 1480, 1500]
kld:  2.42823785264227787e+00
klds: [ 2.43658099059783595e+00,  2.44464598610899397e+00,  2.44985576997683463e+00,  2.44244301797856345e+00,  2.43754648272130758e+00,  2.43096053789154443e+00,  2.41851173850391366e+00,  2.43614996806864292e+00,  2.42969401085009018e+00,  2.41848541173704579e+00,  2.41329824232647905e+00,  2.40962842917196607e+00,  2.41104313040261964e+00,  2.39862465322790053e+00,  2.40682683724023594e+00,  2.40123367008244504e+00,  2.39047450331195810e+00,  2.39180795280198044e+00,  2.39907580863339298e+00,  2.39932782560422098e+00,  2.39759183019151534e+00,  2.39870393011560878e+00,  2.41272654881894599e+00,  2.39799455846756260e+00,  2.40199315981717865e+00,  2.41115788487613836e+00,  2.41414088193204268e+00,  2.41560259995252968e+00,  2.41936013955338236e+00,  2.43320063427967570e+00,  2.44838835651869502e+00,  2.45244611705272408e+00,  2.44075745805075650e+00,  2.44535173758490920e+00,  2.44378770080036078e+00,  2.43832279356807247e+00,  2.44050840339292030e+00,  2.44596388674582155e+00,  2.44690230654953433e+00,  2.42983884670850436e+00,  2.42226174553209717e+00,  2.41633047243962107e+00,  2.40897942432183054e+00,  2.41159365843544560e+00,  2.41682083779885470e+00,  2.41485518923888964e+00,  2.42059024079501306e+00,  2.40719367563137654e+00,  2.42775715627192090e+00,  2.43170356214011329e+00,  2.43552945271488763e+00,  2.43648321292887005e+00,  2.44138774310219331e+00,  2.43139995580692991e+00,  2.42170580268408742e+00,  2.42520385583877207e+00,  2.42794145489417890e+00,  2.42921677119166146e+00,  2.43418331578947678e+00,  2.44084831625007581e+00,  2.45651417732863120e+00,  2.45248346488233082e+00,  2.45076265726412768e+00,  2.45338861611181436e+00,  2.46138811790951317e+00,  2.46008263878757427e+00,  2.46507203047852075e+00,  2.47772384990154748e+00,  2.47352591971315894e+00,  2.45997239899659714e+00,  2.45795058916871056e+00,  2.45433782987955595e+00,  2.47273133597480488e+00,  2.45238838238067069e+00,  2.44085804708669496e+00,  2.43163937618445392e+00]
method: "NestedRejectionSampler"
name: "nested_banana_NestedRejectionSampler"
pfunk_commit: "fffcde2897e990ccf80912abc2a663a9ff6e101a"
pints: "Pints 0.1.1"
pints_commit: "69e427ec6d9fcc327896a1e0033107a787920b90"
python: "3.5.2 (default, Nov 12 2018, 13:43:14) [GCC 5.4.0 20160609]"
seed: 3209746738
status: "done"
