commit: "fffcde2897e990ccf80912abc2a663a9ff6e101a/4f48f53c375ce40d4b2d3723bce2226e93d1e759"
date: "2019-04-30-17:13:58"
iters: [0, 20, 40, 60, 80, 100, 120, 140, 160, 180, 200, 220, 240, 260, 280, 300, 320, 340, 360, 380, 400, 420, 440, 460, 480, 500, 520, 540, 560, 580, 600, 620, 640, 660, 680, 700, 720, 740, 760, 780, 800, 820, 840, 860, 880, 900, 920, 940, 960, 980, 1000, 1020, 1040, 1060, 1080, 1100, 1120, 1140, 1160, 1180, 1200, 1220, 1240, 1260, 1280, 1300, 1320, 1340, 1360, 1380, 1400, 1420, 1440, 1460, 1480, 1500]
kld:  4.01600083711485256e-01
klds: [ 3.87862681627759276e-01,  3.79359006246906993e-01,  3.96847619788226247e-01,  3.98007074766466573e-01,  3.96509245433926960e-01,  4.02545981788325458e-01,  4.00197019955512712e-01,  4.03407726783016063e-01,  4.10940970407528194e-01,  4.12085743518435077e-01,  4.09747408727703766e-01,  4.05927284557738188e-01,  4.06513240295769407e-01,  4.02480070084008990e-01,  3.87469391942527608e-01,  3.96771217202429582e-01,  4.05903760154233906e-01,  4.23117476078334498e-01,  4.32151346277275916e-01,  4.23305500976629778e-01,  4.27473396253284843e-01,  4.09424668801259495e-01,  4.08967201347085529e-01,  4.05000470138549673e-01,  4.05926007116495402e-01,  3.94005823725431359e-01,  4.09314637588381380e-01,  3.97087786442366308e-01,  4.04999113874426886e-01,  4.11481943844304254e-01,  4.14708541142330578e-01,  4.11909458131944906e-01,  4.11059758454894286e-01,  4.01462316374098682e-01,  4.14261309482949258e-01,  4.07030697030974054e-01,  4.12755162100294282e-01,  4.22337588763728622e-01,  4.32550894072372571e-01,  4.47457876042601566e-01,  4.30522320898786059e-01,  4.34560351286496616e-01,  4.13873153811681771e-01,  4.18373903254692037e-01,  4.27827610076167097e-01,  4.43108692598355614e-01,  4.40963854332909744e-01,  4.30411095146215450e-01,  4.21325240784894639e-01,  4.31105682740077656e-01,  4.36017204393496005e-01,  4.38488759279113127e-01,  4.43477826186154722e-01,  4.28695896097605722e-01,  4.21811844974221639e-01,  4.06290273237756683e-01,  4.18243362780359895e-01,  4.15419971472477112e-01,  4.35044809282201239e-01,  4.16818932843826095e-01,  4.20725785731617563e-01,  4.15677550558868347e-01,  4.17961633805042698e-01,  4.09782830348216276e-01,  4.06334772741728578e-01,  4.04791151658837611e-01,  3.87160210916063674e-01,  3.78825450811417275e-01,  3.72760548892322463e-01,  3.87141176736002013e-01,  3.74413421829043358e-01,  3.86283918408730997e-01,  3.87588362497599981e-01,  3.88692562294664423e-01,  3.82059953009019626e-01,  3.91365072228990307e-01]
method: "NestedRejectionSampler"
name: "nested_banana_NestedRejectionSampler"
pfunk_commit: "fffcde2897e990ccf80912abc2a663a9ff6e101a"
pints: "Pints 0.1.1"
pints_commit: "4f48f53c375ce40d4b2d3723bce2226e93d1e759"
python: "3.5.2 (default, Nov 12 2018, 13:43:14) [GCC 5.4.0 20160609]"
seed: 3123259688
status: "done"
