commit: "fffcde2897e990ccf80912abc2a663a9ff6e101a/f2693492f228828406faa05b224afac9cb4a2f89"
date: "2019-05-01-13:38:49"
iters: [0, 20, 40, 60, 80, 100, 120, 140, 160, 180, 200, 220, 240, 260, 280, 300, 320, 340, 360, 380, 400, 420, 440, 460, 480, 500, 520, 540, 560, 580, 600, 620, 640, 660, 680, 700, 720, 740, 760, 780, 800, 820, 840, 860, 880, 900, 920, 940, 960, 980, 1000, 1020, 1040, 1060, 1080, 1100, 1120, 1140, 1160, 1180, 1200, 1220, 1240, 1260, 1280, 1300, 1320, 1340, 1360, 1380, 1400, 1420, 1440, 1460, 1480, 1500]
kld:  3.98198766124703063e-01
klds: [ 3.70333596658319664e-01,  3.77280637911910688e-01,  3.79110986715947451e-01,  3.69721622934764405e-01,  3.64017977765904277e-01,  3.78608861396747320e-01,  3.78498867855475263e-01,  3.84837307790890204e-01,  3.94841956614104372e-01,  3.92720759618527371e-01,  4.00833136476313356e-01,  4.02732929908612203e-01,  3.99917780298743475e-01,  3.86807987558003941e-01,  3.76458365849366761e-01,  3.82814977267748491e-01,  3.97489504306937969e-01,  4.16430887927207838e-01,  4.19243976059811008e-01,  4.23933392460790870e-01,  4.32982444322255411e-01,  4.29248671690890315e-01,  4.18665142539599966e-01,  4.04307218207071717e-01,  4.09263232159382540e-01,  4.02968463010609845e-01,  4.03840298114486629e-01,  4.11414734141011706e-01,  4.17719405096931062e-01,  4.10775232952759861e-01,  4.14898231430369080e-01,  4.18169269568295032e-01,  4.17627438279104979e-01,  4.14782970344957036e-01,  4.08909773722024861e-01,  4.07740543250775689e-01,  4.10797923797003639e-01,  4.16857314006274571e-01,  4.23922420711329906e-01,  4.23064810464464980e-01,  4.21912133780295129e-01,  4.20086068420515879e-01,  4.21734619565132363e-01,  4.22155993162826038e-01,  4.13527387152332171e-01,  4.13657652387807939e-01,  4.20376470909455513e-01,  4.24552793721675981e-01,  4.17900252009214324e-01,  4.20236251409249473e-01,  4.18239603565731866e-01,  4.07401232440252059e-01,  3.96096598542569733e-01,  3.96295126982626922e-01,  4.07330570438140027e-01,  4.01547029349620832e-01,  4.01698972621324035e-01,  4.03864031526236511e-01,  4.12937019506348868e-01,  4.21630450235074283e-01,  4.22713674244220794e-01,  4.03729660785069111e-01,  4.15155924889869965e-01,  4.27908829188786033e-01,  4.29894737568037977e-01,  4.26351259976412988e-01,  4.14411911106019826e-01,  4.08253774871820241e-01,  4.04374412615894130e-01,  4.03669240270720486e-01,  4.02906195218652119e-01,  4.09657182829526123e-01,  4.00426731556310589e-01,  4.04017591591056657e-01,  4.10102162624803146e-01,  4.15738680368191948e-01]
method: "NestedRejectionSampler"
name: "nested_banana_NestedRejectionSampler"
pfunk_commit: "fffcde2897e990ccf80912abc2a663a9ff6e101a"
pints: "Pints 0.1.1"
pints_commit: "f2693492f228828406faa05b224afac9cb4a2f89"
python: "3.5.2 (default, Nov 12 2018, 13:43:14) [GCC 5.4.0 20160609]"
seed: 835444874
status: "done"
