commit: "fffcde2897e990ccf80912abc2a663a9ff6e101a/f2693492f228828406faa05b224afac9cb4a2f89"
date: "2019-05-01-13:18:05"
iters: [0, 20, 40, 60, 80, 100, 120, 140, 160, 180, 200, 220, 240, 260, 280, 300, 320, 340, 360, 380, 400, 420, 440, 460, 480, 500, 520, 540, 560, 580, 600, 620, 640, 660, 680, 700, 720, 740, 760, 780, 800, 820, 840, 860, 880, 900, 920, 940, 960, 980, 1000, 1020, 1040, 1060, 1080, 1100, 1120, 1140, 1160, 1180, 1200, 1220, 1240, 1260, 1280, 1300, 1320, 1340, 1360, 1380, 1400, 1420, 1440, 1460, 1480, 1500]
kld:  4.18937636649323819e-01
klds: [ 4.81173889146908840e-01,  5.04609735238822577e-01,  4.91107055176198237e-01,  4.79325255307567755e-01,  4.57619485154456385e-01,  4.56792377512694525e-01,  4.51299612141712991e-01,  4.48929792323412347e-01,  4.21574945009107305e-01,  4.31158207862685661e-01,  4.22565546277192894e-01,  4.25486275198332820e-01,  4.30111168525945109e-01,  4.20807321330476380e-01,  4.11740758442869836e-01,  4.25559432271160443e-01,  4.21552475560503792e-01,  4.11882772445572698e-01,  4.06853448467860979e-01,  4.11169892293838490e-01,  4.03387475033478715e-01,  4.15523663996154147e-01,  4.05236315309195572e-01,  3.95766814771811637e-01,  3.79032113686908811e-01,  3.71117779473496334e-01,  3.57558381116651613e-01,  3.62931087386098028e-01,  3.69268313027077077e-01,  3.76771710844003849e-01,  3.69319929618082243e-01,  3.73559402703582899e-01,  3.75608823368933642e-01,  3.89762666745453679e-01,  3.87257621561627685e-01,  4.10610326946566850e-01,  4.02788979006536429e-01,  3.99265063056583713e-01,  3.98222448552220554e-01,  4.01747605553669285e-01,  3.96209196121632079e-01,  3.96438119733800498e-01,  4.11790699870633325e-01,  4.09748158107891669e-01,  4.06641523672029104e-01,  3.91207939966354612e-01,  3.91765643382762541e-01,  3.86470362638114295e-01,  3.83997705370502818e-01,  3.92865364968900899e-01,  3.92818427064016928e-01,  4.03170252024283027e-01,  4.09935463738702932e-01,  4.09335612268942217e-01,  4.21934631062128362e-01,  4.18685521501605429e-01,  4.24010615354220910e-01,  4.31775754926243316e-01,  4.30559480834497244e-01,  4.38910410812598295e-01,  4.27151481819990408e-01,  4.46279609030425739e-01,  4.43456041314589156e-01,  4.40523420682205957e-01,  4.27175388907118148e-01,  4.25907400434543337e-01,  4.31499791235324004e-01,  4.30170057422590624e-01,  4.41773159188639131e-01,  4.35964480625952611e-01,  4.45290363220011365e-01,  4.37175371605296181e-01,  4.47262561410818549e-01,  4.50876353280487585e-01,  4.51902086464704533e-01,  4.51770427629622606e-01]
method: "NestedRejectionSampler"
name: "nested_banana_NestedRejectionSampler"
pfunk_commit: "fffcde2897e990ccf80912abc2a663a9ff6e101a"
pints: "Pints 0.1.1"
pints_commit: "f2693492f228828406faa05b224afac9cb4a2f89"
python: "3.5.2 (default, Nov 12 2018, 13:43:14) [GCC 5.4.0 20160609]"
seed: 3520820820
status: "done"
