commit: "fffcde2897e990ccf80912abc2a663a9ff6e101a/4f48f53c375ce40d4b2d3723bce2226e93d1e759"
date: "2019-04-30-17:25:02"
iters: [0, 20, 40, 60, 80, 100, 120, 140, 160, 180, 200, 220, 240, 260, 280, 300, 320, 340, 360, 380, 400, 420, 440, 460, 480, 500, 520, 540, 560, 580, 600, 620, 640, 660, 680, 700, 720, 740, 760, 780, 800, 820, 840, 860, 880, 900, 920, 940, 960, 980, 1000, 1020, 1040, 1060, 1080, 1100, 1120, 1140, 1160, 1180, 1200, 1220, 1240, 1260, 1280, 1300, 1320, 1340, 1360, 1380, 1400, 1420, 1440, 1460, 1480, 1500]
kld:  3.97993461887718336e-01
klds: [ 3.79764926672649938e-01,  3.72096487067781867e-01,  3.80450137953506129e-01,  3.79193633630566573e-01,  3.73040051790566540e-01,  3.62977137919854975e-01,  3.64979476309500894e-01,  3.64067666287834157e-01,  3.68673185837372630e-01,  3.67842732146836493e-01,  3.68007770664115164e-01,  3.67940529772120772e-01,  3.63522100484252597e-01,  3.49497114459547120e-01,  3.53248066035844799e-01,  3.67831627737570166e-01,  3.63983904968586014e-01,  3.65291310055407603e-01,  3.65075622738031402e-01,  3.67552062807362967e-01,  3.55276374176415111e-01,  3.55375943937266570e-01,  3.74969437796365046e-01,  3.69179403861959798e-01,  3.70442896840623259e-01,  3.77873238411467138e-01,  3.86237245127642348e-01,  3.79670578813894988e-01,  3.75921146360395309e-01,  3.71505000305480504e-01,  3.79527272715560748e-01,  3.64915697715343601e-01,  3.66275189688450853e-01,  3.54929377315468475e-01,  3.70053257889200626e-01,  3.79529383181695712e-01,  3.74481791791487550e-01,  3.83881155060993073e-01,  3.82976525838116366e-01,  4.02426245266181759e-01,  4.03738378267461506e-01,  4.02448374851557933e-01,  4.00377055638758028e-01,  3.95371164770952799e-01,  4.03606512922176197e-01,  4.23942250935795517e-01,  4.34386746243639932e-01,  4.27415347969926751e-01,  4.17037834465064705e-01,  4.07512667344255952e-01,  3.98842004041335407e-01,  4.02697856439381496e-01,  4.15306462813343380e-01,  4.20865452616732139e-01,  4.35893722990451149e-01,  4.41783535976472574e-01,  4.40538570837868626e-01,  4.38984898119754163e-01,  4.29334660365936926e-01,  4.22865307452094497e-01,  4.09743385034198937e-01,  4.11681049071082938e-01,  4.16892825268238898e-01,  4.19348877418825650e-01,  4.13810379162177888e-01,  4.27694630748027382e-01,  4.13832474052910237e-01,  4.29737681263096860e-01,  4.31828770130266992e-01,  4.27711935848107849e-01,  4.29501478827073679e-01,  4.18961854643258302e-01,  4.20811896599947222e-01,  4.20133058313978180e-01,  4.30271677543464959e-01,  4.44958605273434227e-01]
method: "NestedRejectionSampler"
name: "nested_banana_NestedRejectionSampler"
pfunk_commit: "fffcde2897e990ccf80912abc2a663a9ff6e101a"
pints: "Pints 0.1.1"
pints_commit: "4f48f53c375ce40d4b2d3723bce2226e93d1e759"
python: "3.5.2 (default, Nov 12 2018, 13:43:14) [GCC 5.4.0 20160609]"
seed: 4023311638
status: "done"
