commit: "fffcde2897e990ccf80912abc2a663a9ff6e101a/4f48f53c375ce40d4b2d3723bce2226e93d1e759"
date: "2019-04-30-17:04:29"
iters: [0, 20, 40, 60, 80, 100, 120, 140, 160, 180, 200, 220, 240, 260, 280, 300, 320, 340, 360, 380, 400, 420, 440, 460, 480, 500, 520, 540, 560, 580, 600, 620, 640, 660, 680, 700, 720, 740, 760, 780, 800, 820, 840, 860, 880, 900, 920, 940, 960, 980, 1000, 1020, 1040, 1060, 1080, 1100, 1120, 1140, 1160, 1180, 1200, 1220, 1240, 1260, 1280, 1300, 1320, 1340, 1360, 1380, 1400, 1420, 1440, 1460, 1480, 1500]
kld:  3.70655228400842418e-01
klds: [ 3.74893671480057478e-01,  3.67650377142411777e-01,  3.59611907545195120e-01,  3.56890692823920608e-01,  3.53684822532400966e-01,  3.54774262084572634e-01,  3.43971175810479979e-01,  3.43201865806288975e-01,  3.47111555679325612e-01,  3.42506430834927045e-01,  3.35043057223786578e-01,  3.40302428824543313e-01,  3.32015784740306907e-01,  3.32011611054559896e-01,  3.35074272471909795e-01,  3.24650415066893849e-01,  3.38018429342640925e-01,  3.48855029878899270e-01,  3.29993135913174918e-01,  3.31037248663157868e-01,  3.43689832670678097e-01,  3.45651679187127137e-01,  3.40508547196594957e-01,  3.45958331395133545e-01,  3.56489612534524714e-01,  3.63243498218753347e-01,  3.70010460737660862e-01,  3.80035149378235015e-01,  3.75115059146933660e-01,  3.92871752752878001e-01,  3.86053729612425567e-01,  4.04233447262797529e-01,  4.08326900209330823e-01,  3.92852877056869554e-01,  3.89504978847444949e-01,  3.95531225190879354e-01,  3.94473545908669010e-01,  3.98528013787603053e-01,  4.01530884028144630e-01,  3.97306112754060470e-01,  4.01831096764118545e-01,  4.01290420775066714e-01,  3.94750465830515651e-01,  3.96573383339602348e-01,  3.86229394704305840e-01,  3.81261312029291366e-01,  3.90403487693064211e-01,  4.04585134481078468e-01,  4.05370490930977656e-01,  4.01095383536191452e-01,  3.90698050545234210e-01,  3.99366733144147945e-01,  3.80337752846390487e-01,  3.96235326633075147e-01,  3.95613302941059120e-01,  3.94046662195926212e-01,  3.90400218677915190e-01,  3.87012262289914588e-01,  3.86837939663041919e-01,  3.94128568094939791e-01,  4.00949433580232606e-01,  4.03906417119522576e-01,  4.11352602999410122e-01,  4.05384096865036847e-01,  4.01301968897334493e-01,  4.02532727164834458e-01,  3.99292782679692149e-01,  3.96041825904887901e-01,  3.94455530961395073e-01,  3.94694559101581577e-01,  3.94905228023234134e-01,  3.68550032288896379e-01,  3.61110637840796223e-01,  3.65848816658310039e-01,  3.66490876405453081e-01,  3.58329574215963786e-01]
method: "NestedRejectionSampler"
name: "nested_banana_NestedRejectionSampler"
pfunk_commit: "fffcde2897e990ccf80912abc2a663a9ff6e101a"
pints: "Pints 0.1.1"
pints_commit: "4f48f53c375ce40d4b2d3723bce2226e93d1e759"
python: "3.5.2 (default, Nov 12 2018, 13:43:14) [GCC 5.4.0 20160609]"
seed: 4076677002
status: "done"
