commit: "fffcde2897e990ccf80912abc2a663a9ff6e101a/69e427ec6d9fcc327896a1e0033107a787920b90"
date: "2019-05-01-13:52:29"
iters: [0, 20, 40, 60, 80, 100, 120, 140, 160, 180, 200, 220, 240, 260, 280, 300, 320, 340, 360, 380, 400, 420, 440, 460, 480, 500, 520, 540, 560, 580, 600, 620, 640, 660, 680, 700, 720, 740, 760, 780, 800, 820, 840, 860, 880, 900, 920, 940, 960, 980, 1000, 1020, 1040, 1060, 1080, 1100, 1120, 1140, 1160, 1180, 1200, 1220, 1240, 1260, 1280, 1300, 1320, 1340, 1360, 1380, 1400, 1420, 1440, 1460, 1480, 1500]
kld:  2.48199349396692526e+00
klds: [ 2.52467899077639180e+00,  2.49890961230449760e+00,  2.48769811426441123e+00,  2.49246648657606018e+00,  2.47675265083163332e+00,  2.46336506184867421e+00,  2.46708259675859809e+00,  2.46356299627295794e+00,  2.46582656663467947e+00,  2.46833523747339978e+00,  2.47804148039123850e+00,  2.46972472951628719e+00,  2.46292961917416875e+00,  2.47527823020838955e+00,  2.49325834729032092e+00,  2.49859979396243403e+00,  2.50508299591254913e+00,  2.49506795394813263e+00,  2.47642070405622494e+00,  2.47129602941020377e+00,  2.47513264980370185e+00,  2.47523662232868036e+00,  2.45753017843842603e+00,  2.46485429241007115e+00,  2.45654905128647671e+00,  2.45829167007314808e+00,  2.45094590381930644e+00,  2.45544306152960523e+00,  2.45115051256391769e+00,  2.46397093473881501e+00,  2.46482445147686002e+00,  2.45976105612623686e+00,  2.46984122349472734e+00,  2.46599283855086515e+00,  2.46854978382097112e+00,  2.44905480743890269e+00,  2.46201374974770371e+00,  2.46498727178877886e+00,  2.46270829826126203e+00,  2.45270327497010321e+00,  2.45544235731331861e+00,  2.45434135927736818e+00,  2.45950136782637330e+00,  2.45894494787033580e+00,  2.45600928085262060e+00,  2.45402247946009489e+00,  2.44303909400637975e+00,  2.43902048027428320e+00,  2.41718681946016467e+00,  2.40745609899436452e+00,  2.39431744888438836e+00,  2.41802256505665847e+00,  2.42553173025778124e+00,  2.43888127005395328e+00,  2.44540855777498045e+00,  2.44864967043389381e+00,  2.44820483583843629e+00,  2.43506875129317546e+00,  2.43139774585906565e+00,  2.43852870650690612e+00,  2.45875393450012147e+00,  2.45534872949607585e+00,  2.45458639717912952e+00,  2.46095351673356300e+00,  2.46254852646464695e+00,  2.46111483520385566e+00,  2.46701274850644925e+00,  2.47155565095485796e+00,  2.49070230776926582e+00,  2.49140342262054970e+00,  2.49339437803109831e+00,  2.51024733659873966e+00,  2.51431575737976321e+00,  2.52217641859545916e+00,  2.53870344673028958e+00,  2.56471057742008224e+00]
method: "NestedRejectionSampler"
name: "nested_banana_NestedRejectionSampler"
pfunk_commit: "fffcde2897e990ccf80912abc2a663a9ff6e101a"
pints: "Pints 0.1.1"
pints_commit: "69e427ec6d9fcc327896a1e0033107a787920b90"
python: "3.5.2 (default, Nov 12 2018, 13:43:14) [GCC 5.4.0 20160609]"
seed: 2871526663
status: "done"
