commit: "fffcde2897e990ccf80912abc2a663a9ff6e101a/f2693492f228828406faa05b224afac9cb4a2f89"
date: "2019-05-01-13:29:11"
iters: [0, 20, 40, 60, 80, 100, 120, 140, 160, 180, 200, 220, 240, 260, 280, 300, 320, 340, 360, 380, 400, 420, 440, 460, 480, 500, 520, 540, 560, 580, 600, 620, 640, 660, 680, 700, 720, 740, 760, 780, 800, 820, 840, 860, 880, 900, 920, 940, 960, 980, 1000, 1020, 1040, 1060, 1080, 1100, 1120, 1140, 1160, 1180, 1200, 1220, 1240, 1260, 1280, 1300, 1320, 1340, 1360, 1380, 1400, 1420, 1440, 1460, 1480, 1500]
kld:  4.09603801514431876e-01
klds: [ 4.33167467028950259e-01,  4.34472278027261183e-01,  4.24059769962233046e-01,  4.16803732672821559e-01,  4.09027732275605960e-01,  4.05733191230842838e-01,  4.17273171282211974e-01,  4.12269728947421310e-01,  4.28800198118561404e-01,  4.05469432637290517e-01,  4.19304403783318014e-01,  4.41821001041935668e-01,  4.44004115593390036e-01,  4.33131381873806287e-01,  4.33453669082304316e-01,  4.34248985379567021e-01,  4.36426602459031754e-01,  4.24048895203502418e-01,  4.06925544660175387e-01,  4.08340601549925353e-01,  4.09075951202120036e-01,  4.14763691336635709e-01,  4.16802074201343853e-01,  4.13563572425405868e-01,  4.18992520905564492e-01,  4.14835644093521694e-01,  4.15174948114262587e-01,  4.27284621968417877e-01,  4.32898550016825423e-01,  4.30731593098179211e-01,  4.26173381399616247e-01,  4.31668554543937155e-01,  4.26600525446060974e-01,  4.24469475831372733e-01,  4.35182829234206370e-01,  4.11823727939787609e-01,  4.09803204028845514e-01,  4.06285393408580608e-01,  4.29540357046799937e-01,  4.26264883454818611e-01,  4.26500288728102639e-01,  4.35134055031106914e-01,  4.27011547686628967e-01,  4.38537005101528266e-01,  4.28839942719189349e-01,  4.06631367335335892e-01,  4.07394053008999002e-01,  3.92566166536697514e-01,  4.00233371430914975e-01,  3.94550395326881631e-01,  3.97805077689337594e-01,  3.93229631338379848e-01,  3.86220222929935408e-01,  3.85270048487512007e-01,  3.84331518051570065e-01,  3.99634788919314587e-01,  3.79244511779301074e-01,  3.93786553506834558e-01,  3.83744199422304533e-01,  3.80278877174480279e-01,  3.83882750591995503e-01,  3.76332405712142215e-01,  3.73435448868252973e-01,  3.70639404362431257e-01,  3.66396798561329007e-01,  3.64242303239913134e-01,  3.63284542731957760e-01,  3.78465132356486489e-01,  3.72350257998795842e-01,  3.84269334588283051e-01,  3.98319031751272590e-01,  4.04720824904343024e-01,  4.13181633782433444e-01,  4.11737259807947176e-01,  4.02023485223082622e-01,  3.95414403010041715e-01]
method: "NestedRejectionSampler"
name: "nested_banana_NestedRejectionSampler"
pfunk_commit: "fffcde2897e990ccf80912abc2a663a9ff6e101a"
pints: "Pints 0.1.1"
pints_commit: "f2693492f228828406faa05b224afac9cb4a2f89"
python: "3.5.2 (default, Nov 12 2018, 13:43:14) [GCC 5.4.0 20160609]"
seed: 2842042644
status: "done"
